9.999499997465693957e-01 9.709349942374669862e-01 9.305583288591442459e-01 8.943824696403656072e-01 8.632968543693820829e-01 8.365310684918869644e-01 8.132476164348504399e-01 7.927651030979805391e-01 7.745579394080214231e-01 7.582229751570509491e-01
9.709349942374669862e-01 9.999500000000000055e-01 9.897969084479146806e-01 9.709349942374759790e-01 9.504828006722322309e-01 9.305583288591443569e-01 9.118093404982581252e-01 8.943824696403657182e-01 8.782437468304337136e-01 8.632968543693820829e-01
9.305583288591442459e-01 9.897969084479146806e-01 9.999500000000000055e-01 9.948086985713807673e-01 9.839456358909336453e-01 9.709349942374758680e-01 9.573001043395725773e-01 9.437343231560313406e-01 9.305583288591444679e-01 9.179138443052619056e-01
8.943824696403656072e-01 9.709349942374759790e-01 9.948086985713807673e-01 9.999500000000000055e-01 9.968493425214395298e-01 9.897969084479146806e-01 9.808135292237324387e-01 9.709349942374758680e-01 9.607208843843810797e-01 9.504828006722324529e-01
8.632968543693820829e-01 9.504828006722322309e-01 9.839456358909336453e-01 9.968493425214395298e-01 9.999500000000000055e-01 9.978775536277182390e-01 9.929323734870287854e-01 9.863626170949905125e-01 9.788866218367411332e-01 9.709349942374759790e-01
8.365310684918869644e-01 9.305583288591443569e-01 9.709349942374758680e-01 9.897969084479146806e-01 9.978775536277182390e-01 9.999500000000002276e-01 9.984674903640207155e-01 9.948086985713805452e-01 9.897969084479145696e-01 9.839456358909335343e-01
8.132476164348504399e-01 9.118093404982581252e-01 9.573001043395725773e-01 9.808135292237324387e-01 9.929323734870287854e-01 9.984674903640207155e-01 9.999500000000000055e-01 9.988370878696095634e-01 9.960208474000175061e-01 9.920723186536901661e-01
7.927651030979805391e-01 8.943824696403657182e-01 9.437343231560313406e-01 9.709349942374758680e-01 9.863626170949905125e-01 9.948086985713805452e-01 9.988370878696095634e-01 9.999500000000000055e-01 9.990838666624627384e-01 9.968493425214395298e-01
7.745579394080214231e-01 8.782437468304337136e-01 9.305583288591444679e-01 9.607208843843810797e-01 9.788866218367411332e-01 9.897969084479145696e-01 9.960208474000175061e-01 9.990838666624627384e-01 9.999500000000001165e-01 9.992567933442580985e-01
7.582229751570509491e-01 8.632968543693820829e-01 9.179138443052619056e-01 9.504828006722324529e-01 9.709349942374759790e-01 9.839456358909335343e-01 9.920723186536901661e-01 9.968493425214395298e-01 9.992567933442580985e-01 9.999500000000000055e-01
