2.499874973415578072e+00 1.545354026205354003e+00 1.083554430069372021e+00 8.206162229052872403e-01 6.534072129135368723e-01 5.387657577283991861e-01 4.558024266499312582e-01 3.932780618139991580e-01 3.446468068895685577e-01
1.545354026205354003e+00 1.176411764705882046e+00 9.198270094030709387e-01 7.450364144491418150e-01 6.209175294892964603e-01 5.291604920448781391e-01 4.590106790531035541e-01 4.038834740077259511e-01 3.595674743766248405e-01
1.083554430069372021e+00 9.198270094030709387e-01 7.691923076923079527e-01 6.521070109895055200e-01 5.617107299759001027e-01 4.908230404018170678e-01 4.341807105425462554e-01 3.881088952614807353e-01 3.500340635343985318e-01
8.206162229052872403e-01 7.450364144491418150e-01 6.521070109895055200e-01 5.713999999999999080e-01 5.046529509961944493e-01 4.496920855261158367e-01 4.041202434601567917e-01 3.659536425173167684e-01 3.336537583456328226e-01
6.534072129135368723e-01 6.209175294892964603e-01 5.617107299759001027e-01 5.046529509961944493e-01 4.545227272727271894e-01 4.114601774184802330e-01 3.745894722729452009e-01 3.429132526045923779e-01 3.155414464504060490e-01
5.387657577283991861e-01 5.291604920448781391e-01 4.908230404018170678e-01 4.496920855261158367e-01 4.114601774184802330e-01 3.773396226415095533e-01 3.472749065646250077e-01 3.208516675164188592e-01 2.975892758471726518e-01
4.558024266499312582e-01 4.590106790531035541e-01 4.341807105425462554e-01 4.041202434601567917e-01 3.745894722729452009e-01 3.472749065646250077e-01 3.225645161290322527e-01 3.003919720449411135e-01 2.805376640547937450e-01
3.932780618139991580e-01 4.038834740077259511e-01 3.881088952614807353e-01 3.659536425173167684e-01 3.429132526045923779e-01 3.208516675164188592e-01 3.003919720449411135e-01 2.816760563380282245e-01 2.646518516377239227e-01
3.446468068895685577e-01 3.595674743766248405e-01 3.500340635343985318e-01 3.336537583456328226e-01 3.155414464504060490e-01 2.975892758471726518e-01 2.805376640547937450e-01 2.646518516377239227e-01 2.499875000000000291e-01
