9.999499997465693957e-01 9.848189311946917712e-01 9.592545552436939627e-01 9.333400692061422088e-01 9.092384764440003542e-01 8.873130407233659200e-01 8.674522812277334349e-01 8.494293767875977785e-01 8.330094040552856738e-01 8.179804873324678649e-01 8.041602883824151560e-01 7.913945258365563395e-01 7.795532652366806703e-01 7.685269725387536832e-01 7.582229751570509491e-01
9.848189311946917712e-01 9.999499999999994504e-01 9.931878348087237462e-01 9.795603974461003505e-01 9.638430332533746148e-01 9.478318938219484346e-01 9.322486724499349231e-01 9.173771591349682009e-01 9.033095576757885770e-01 8.900515057328731716e-01 8.775698940880429788e-01 8.658155834982812493e-01 8.547344295439743833e-01 8.442726197209927674e-01 8.343791599159983141e-01
9.592545552436939627e-01 9.931878348087237462e-01 9.999499999999997835e-01 9.961283749728144787e-01 9.876802101697569336e-01 9.771766569705704342e-01 9.658462663785116753e-01 9.543116145101785408e-01 9.428972873474655847e-01 9.317723483136308715e-01 9.210212655589662401e-01 9.106812330396765187e-01 9.007626592837691959e-01 8.912607863118019447e-01 8.821624396231838583e-01
9.333400692061422088e-01 9.795603974461003505e-01 9.961283749728144787e-01 9.999500000000001165e-01 9.974957446967576136e-01 9.917500925065660944e-01 9.842450197506639187e-01 9.758227174124372016e-01 9.669677704937639229e-01 9.579673200633318508e-01 9.489942487483833400e-01 9.401529155581508368e-01 9.315054543456927627e-01 9.230874515429096094e-01 9.149175708434145182e-01
9.092384764440003542e-01 9.638430332533746148e-01 9.876802101697569336e-01 9.974957446967576136e-01 9.999500000000000055e-01 9.982413085622152682e-01 9.940815379571842358e-01 9.884543214745774575e-01 9.819535448490637197e-01 9.749507638028006573e-01 9.676844405355646828e-01 9.603103117566498259e-01 9.529311372704822869e-01 9.456149291415708591e-01 9.384064671015280856e-01
8.873130407233659200e-01 9.478318938219484346e-01 9.771766569705704342e-01 9.917500925065660944e-01 9.982413085622152682e-01 9.999500000000000055e-01 9.986921890022403270e-01 9.955418298770827290e-01 9.911671437777901383e-01 9.859997989340949509e-01 9.803266705053530483e-01 9.743425591607699499e-01 9.681818919569835646e-01 9.619385042328481017e-01 9.556783689371577406e-01
8.674522812277334349e-01 9.322486724499349231e-01 9.658462663785116753e-01 9.842450197506639187e-01 9.940815379571842358e-01 9.986921890022403270e-01 9.999499999999996724e-01 9.989855145157848781e-01 9.965171175355409527e-01 9.930191181724103977e-01 9.888140351083011259e-01 9.841262910219171767e-01 9.791149187084713379e-01 9.738942382074476933e-01 9.685473387838843262e-01
8.494293767875977785e-01 9.173771591349682009e-01 9.543116145101785408e-01 9.758227174124372016e-01 9.884543214745774575e-01 9.955418298770827290e-01 9.989855145157848781e-01 9.999500000000001165e-01 9.991869988180410722e-01 9.972008539221659529e-01 9.943402308301095838e-01 9.908519633316944519e-01 9.869141671682272188e-01 9.826573802982901951e-01 9.781784839962587297e-01
8.330094040552856738e-01 9.033095576757885770e-01 9.428972873474655847e-01 9.669677704937639229e-01 9.819535448490637197e-01 9.911671437777901383e-01 9.965171175355409527e-01 9.991869988180410722e-01 9.999500000000001165e-01 9.993313440106484924e-01 9.976987537348812607e-01 9.953159599020708903e-01 9.923758468562927648e-01 9.890217725631352819e-01 9.853617159649421531e-01
8.179804873324678649e-01 8.900515057328731716e-01 9.317723483136308715e-01 9.579673200633318508e-01 9.749507638028006573e-01 9.859997989340949509e-01 9.930191181724103977e-01 9.972008539221659529e-01 9.993313440106484924e-01 9.999499999999997835e-01 9.994382821757241686e-01 9.980725866088682174e-01 9.960571897115628737e-01 9.935455630386821335e-01 9.906546027213513073e-01
8.041602883824151560e-01 8.775698940880429788e-01 9.210212655589662401e-01 9.489942487483833400e-01 9.676844405355646828e-01 9.803266705053530483e-01 9.888140351083011259e-01 9.943402308301095838e-01 9.976987537348812607e-01 9.994382821757241686e-01 9.999500000000001165e-01 9.995197071007090317e-01 9.983604209431790055e-01 9.966335667292810507e-01 9.944631917589957792e-01
7.913945258365563395e-01 8.658155834982812493e-01 9.106812330396765187e-01 9.401529155581508368e-01 9.603103117566498259e-01 9.743425591607699499e-01 9.841262910219171767e-01 9.908519633316944519e-01 9.953159599020708903e-01 9.980725866088682174e-01 9.995197071007090317e-01 9.999500000000001165e-01 9.995831347317316595e-01 9.985867614251966451e-01 9.970906453952359527e-01
7.795532652366806703e-01 8.547344295439743833e-01 9.007626592837691959e-01 9.315054543456927627e-01 9.529311372704822869e-01 9.681818919569835646e-01 9.791149187084713379e-01 9.869141671682272188e-01 9.923758468562927648e-01 9.960571897115628737e-01 9.983604209431790055e-01 9.995831347317316595e-01 9.999500000000001165e-01 9.996335038259096528e-01 9.987679635658619492e-01
7.685269725387536832e-01 8.442726197209927674e-01 8.912607863118019447e-01 9.230874515429096094e-01 9.456149291415708591e-01 9.619385042328481017e-01 9.738942382074476933e-01 9.826573802982901951e-01 9.890217725631352819e-01 9.935455630386821335e-01 9.966335667292810507e-01 9.985867614251966451e-01 9.996335038259096528e-01 9.999499999999997835e-01 9.996741681374295974e-01
7.582229751570509491e-01 8.343791599159983141e-01 8.821624396231838583e-01 9.149175708434145182e-01 9.384064671015280856e-01 9.556783689371577406e-01 9.685473387838843262e-01 9.781784839962587297e-01 9.853617159649421531e-01 9.906546027213513073e-01 9.944631917589957792e-01 9.970906453952359527e-01 9.987679635658619492e-01 9.996741681374295974e-01 9.999500000000000055e-01
