2.499874973415578072e+00 1.234745351449378248e+00 7.813951374311500775e-01 5.586768821747420954e-01 4.287804828294670134e-01 3.446468068895685577e-01
1.234745351449378248e+00 8.928125000000001199e-01 6.654181967534082975e-01 5.213339974150514866e-01 4.242454860027919383e-01 3.551712798609377719e-01
7.813951374311500775e-01 6.654181967534082975e-01 5.434510869565217783e-01 4.514490158221470817e-01 3.826407802523829060e-01 3.300832305662242394e-01
5.586768821747420954e-01 5.213339974150514866e-01 4.514490158221470817e-01 3.906054687500000733e-01 3.411398544427445834e-01 3.011220152956576857e-01
4.287804828294670134e-01 4.242454860027919383e-01 3.826407802523829060e-01 3.411398544427445834e-01 3.048628048780487876e-01 2.740372924991090753e-01
3.446468068895685577e-01 3.551712798609377719e-01 3.300832305662242394e-01 3.011220152956576857e-01 2.740372924991090753e-01 2.499875000000000291e-01
