2.499749999999999250e+00 1.357764677365532302e+00 8.943377482808153589e-01 6.533745409192915909e-01 5.082543450130049267e-01 4.122976828588025278e-01 3.446295736875639726e-01
1.357764677365532302e+00 9.998999999999997890e-01 7.587025357677735782e-01 6.017031216144370642e-01 4.938734444379151989e-01 4.160947885266164659e-01 3.577350993123262213e-01
8.943377482808153589e-01 7.587025357677735782e-01 6.249374999999998126e-01 5.229520054781021665e-01 4.458020391341429578e-01 3.863191886601825553e-01 3.394411693413830755e-01
6.533745409192915909e-01 6.017031216144370642e-01 5.229520054781021665e-01 4.544999999999999041e-01 3.985123028120805544e-01 3.529351560699432455e-01 3.155256685891905111e-01
5.082543450130049267e-01 4.938734444379151989e-01 4.458020391341429578e-01 3.985123028120805544e-01 3.571071428571428452e-01 3.217905341951800002e-01 2.917713860463095332e-01
4.122976828588025278e-01 4.160947885266164659e-01 3.863191886601825553e-01 3.529351560699432455e-01 3.217905341951800002e-01 2.940882352941176503e-01 2.697979897056688170e-01
3.446295736875639726e-01 3.577350993123262213e-01 3.394411693413830755e-01 3.155256685891905111e-01 2.917713860463095332e-01 2.697979897056688170e-01 2.499749999999999472e-01
