2.499874973415578072e+00 1.459735192762091849e+00 9.944795836106252729e-01 7.405080449505038187e-01 5.831065828386999828e-01 4.770442388709242865e-01 4.012406512247618795e-01 3.446468068895685577e-01
1.459735192762091849e+00 1.093695312499999739e+00 8.431416428278409869e-01 6.760923864649581727e-01 5.593458484264623998e-01 4.740550631553502869e-01 4.094375724017132456e-01 3.590195975210632717e-01
9.944795836106252729e-01 8.431416428278409869e-01 6.999649999999997263e-01 5.897093869237532981e-01 5.054172657311355454e-01 4.398565638798020427e-01 3.878208116798473326e-01 3.457286984058259849e-01
7.405080449505038187e-01 6.760923864649581727e-01 5.897093869237532981e-01 5.146801470588234784e-01 4.529623261525186351e-01 4.024243166138434247e-01 3.607265489978579431e-01 3.259534313214995094e-01
5.831065828386999828e-01 5.593458484264623998e-01 5.054172657311355454e-01 4.529623261525186351e-01 4.069563953488372632e-01 3.675732250602194440e-01 3.339726407689445620e-01 3.052005314935662961e-01
4.770442388709242865e-01 4.740550631553502869e-01 4.398565638798020427e-01 4.024243166138434247e-01 3.675732250602194440e-01 3.365216346153846461e-01 3.092266790531970067e-01 2.852968173079086789e-01
4.012406512247618795e-01 4.094375724017132456e-01 3.878208116798473326e-01 3.607265489978579431e-01 3.339726407689445620e-01 3.092266790531970067e-01 2.868709016393442557e-01 2.668464024794286460e-01
3.446468068895685577e-01 3.590195975210632717e-01 3.457286984058259849e-01 3.259534313214995094e-01 3.052005314935662961e-01 2.852968173079086789e-01 2.668464024794286460e-01 2.499875000000000291e-01
