2.499874973415578072e+00 1.618224990394844687e+00 1.163197911073930113e+00 8.943824696403657182e-01 7.194140453078184949e-01 5.975221917799193871e-01 5.082797602717814556e-01 4.404250572766557625e-01 3.872789697040105450e-01 3.446468068895685577e-01
1.618224990394844687e+00 1.249937499999999702e+00 9.897969084479145696e-01 8.091124951978967417e-01 6.789162861944515459e-01 5.815989555369652786e-01 5.065607447212544523e-01 4.471912348201829701e-01 3.992017031047426223e-01 3.597070226539090809e-01
1.163197911073930113e+00 9.897969084479145696e-01 8.332916666666664307e-01 7.105776418367003577e-01 6.149660224318335144e-01 5.394083301319314572e-01 4.786500521697862331e-01 4.289701468891050640e-01 3.877326370246433895e-01 3.530437862712544339e-01
8.943824696403657182e-01 8.091124951978967417e-01 7.105776418367003577e-01 6.249687499999998508e-01 5.538051902896886647e-01 4.948984542239573958e-01 4.458243314653329570e-01 4.045562475989483708e-01 3.695080324555312101e-01 3.394581430972257730e-01
7.194140453078184949e-01 6.789162861944515459e-01 6.149660224318335144e-01 5.538051902896886647e-01 4.999750000000000028e-01 4.535807061944174268e-01 4.137218222862620309e-01 3.793702373442270348e-01 3.496023649416932777e-01 3.236449980791586967e-01
5.975221917799193871e-01 5.815989555369652786e-01 5.394083301319314572e-01 4.948984542239573958e-01 4.535807061944174268e-01 4.166458333333333819e-01 3.840259578323157452e-01 3.552888209183502899e-01 3.299323028159715232e-01 3.074830112159165907e-01
5.082797602717814556e-01 5.065607447212544523e-01 4.786500521697862331e-01 4.458243314653329570e-01 4.137218222862620309e-01 3.840259578323157452e-01 3.571250000000000258e-01 3.329456959565363916e-01 3.112565148125054360e-01 2.917859760746147058e-01
4.404250572766557625e-01 4.471912348201829701e-01 4.289701468891050640e-01 4.045562475989483708e-01 3.793702373442270348e-01 3.552888209183502899e-01 3.329456959565363916e-01 3.124843750000000364e-01 2.938481960771949786e-01 2.769025951448443323e-01
3.872789697040105450e-01 3.992017031047426223e-01 3.877326370246433895e-01 3.695080324555312101e-01 3.496023649416932777e-01 3.299323028159715232e-01 3.112565148125054360e-01 2.938481960771949786e-01 2.777638888888888102e-01 2.629623140379627189e-01
3.446468068895685577e-01 3.597070226539090809e-01 3.530437862712544339e-01 3.394581430972257730e-01 3.236449980791586967e-01 3.074830112159165907e-01 2.917859760746147058e-01 2.769025951448443323e-01 2.629623140379627189e-01 2.499875000000000291e-01
