2.499749999999999250e+00 1.545276754640730221e+00 1.083500249638847057e+00 8.205751900424985701e-01 6.533745409192914799e-01 5.387388180935310800e-01 4.557796353890357643e-01 3.932583969276639557e-01 3.446295736875639726e-01
1.545276754640730221e+00 1.176352941176470157e+00 9.197810157529180408e-01 7.449991607657351356e-01 6.208864820604508283e-01 5.291340326973084096e-01 4.589877273715666228e-01 4.038632788242662586e-01 3.595494951039422959e-01
1.083500249638847057e+00 9.197810157529180408e-01 7.691538461538459659e-01 6.520744040086066118e-01 5.616826430350539967e-01 4.907984980226778315e-01 4.341590004215130638e-01 3.880894888463967685e-01 3.500165609560927926e-01
8.205751900424985701e-01 7.449991607657351356e-01 6.520744040086066118e-01 5.713714285714285301e-01 5.046277170869489792e-01 4.496695997975531656e-01 4.041000364376324816e-01 3.659353439202609470e-01 3.336370748235394368e-01
6.533745409192914799e-01 6.208864820604508283e-01 5.616826430350539967e-01 5.046277170869489792e-01 4.544999999999998486e-01 4.114396033809071263e-01 3.745707418628108631e-01 3.428961060846361097e-01 3.155256685891905111e-01
5.387388180935310800e-01 5.291340326973084096e-01 4.907984980226778315e-01 4.496695997975531656e-01 4.114396033809071263e-01 3.773207547169812326e-01 3.472575419510660621e-01 3.208356241308736312e-01 2.975743956393698264e-01
4.557796353890357643e-01 4.589877273715666228e-01 4.341590004215130638e-01 4.041000364376324816e-01 3.745707418628108631e-01 3.472575419510660621e-01 3.225483870967743028e-01 3.003769516953213037e-01 2.805236364702116680e-01
3.932583969276639557e-01 4.038632788242662586e-01 3.880894888463967685e-01 3.659353439202609470e-01 3.428961060846361097e-01 3.208356241308736312e-01 3.003769516953213037e-01 2.816619718309859022e-01 2.646386183834794070e-01
3.446295736875639726e-01 3.595494951039422959e-01 3.500165609560927926e-01 3.336370748235394368e-01 3.155256685891905111e-01 2.975743956393698264e-01 2.805236364702116680e-01 2.646386183834794070e-01 2.499749999999999472e-01
