2.499874973415578072e+00 1.357832572388897097e+00 8.943824696403657182e-01 6.534072129135369833e-01 5.082797602717814556e-01 4.123182998046399650e-01 3.446468068895685577e-01
1.357832572388897097e+00 9.999499999999995614e-01 7.587404746884542917e-01 6.017332097793341994e-01 4.938981405797513990e-01 4.161155953467247648e-01 3.577529878561463428e-01
8.943824696403657182e-01 7.587404746884542917e-01 6.249687499999998508e-01 5.229781556933976727e-01 4.458243314653329570e-01 3.863385065514047256e-01 3.394581430972257730e-01
6.534072129135369833e-01 6.017332097793341994e-01 5.229781556933976727e-01 4.545227272727273005e-01 3.985322304199819254e-01 3.529528045925992563e-01 3.155414464504060490e-01
5.082797602717814556e-01 4.938981405797513990e-01 4.458243314653329570e-01 3.985322304199819254e-01 3.571250000000000258e-01 3.218066253310033487e-01 2.917859760746147058e-01
4.123182998046399650e-01 4.161155953467247648e-01 3.863385065514047256e-01 3.529528045925992563e-01 3.218066253310033487e-01 2.941029411764706225e-01 2.698114809542789816e-01
3.446468068895685577e-01 3.577529878561463428e-01 3.394581430972257730e-01 3.155414464504060490e-01 2.917859760746147058e-01 2.698114809542789816e-01 2.499875000000000291e-01
